3567
1866
2512
2407
148
945
1740
2612
2132
4763
4540
821
4510
4618
1822
546
2064
1407
134
2600
2637
2015
3683
363
2123
4530
491
4634
1651
471
4893
4535
3286
1760
3775
1724
1371
3805
2392
4384
3702
2026
2896
1580
2043
1810
3814
4183
4523
3663
3610
3577
1240
1319
1579
1636
3538
3223
664
2059
2125
3931
2706
777
3768
1945
4044
2272
554
3119
730
2678
1209
770
4119
2355
847
3869
311
711
967
3796
2062
284
1828
576
4277
1737
3810
4615
1432
1029
2092
1126
0
4735
2070
4503
78
4092
2262
4293
303
3806
1436
4205
1935
1311
3311
1543
673
3969
2251
1109
147
3752
2737
2860
2443
40
4222
4576
3832
4288
356
1525
3194
2466
2490
4030
4308
3799
3861
3730
235
3804
3079
2719
2859
518
2003
4939
4306
3819
3994
1624
1753
2233
3116
4554
3015
3705
512
4143
494
2129
136
1908
203
1848
3586
4751
1939
743
4560
1049
4605
4603
1652
4490
2130
4101
789
3219
329
1243
3875
1999
1618
4471
3203
2496
3571
3763
696
4519
1730
3749
708
4317
932
97
1714
296
4650
4929
4881
4350
721
2340
3506
2279
1471
2001
345
995
4251
385
759
2361
2929
1131
1080
4821
323
316
267
1453
4779
422
2569
1572
2517
3957
568
2933
1283
1481
3464
1093
2941
380
2510
3772
3522
2500
3684
2033
513
4190
320
1420
344
1201
3470
4089
2048
3051
3191
354
2465
4418
187
1927
1223
4400
1403
691
1156
4878
2906
432
873
3471
3393
1449
2935
4481
3489
4299
4392
1231
645
990
4363
1053
1119
1333
3613
4166
1785
4831
1743
3878
2617
1325
4411
3625
1164
1321
4228
3897
4558
3414
1596
3137
462
26
1774
1173
4284
2269
3096
220
4637
1186
662
253
1041
1063
800
4234
3435
1117
539
2291
4335
746
4396
3515
3717
3736
2459
418
3761
3303
3065
3820
1120
2982
2474
1943
1289
3912
3054
3548
4661
2312
2961
3509
3214
515
4892
2073
4244
4164
3083
3267
2603
1001
4924
3612
4476
256
474
455
140
149
2904
2883
3606
755
4259
1282
591
1910
3378
1248
4641
3589
3382
4199
1680
1526
1334
1802
1441
4889
4668
1686
249
4209
1811
916
4294
1177
3295
2794
2122
3188
4378
2395
1825
4813
3354
919
1568
2359
3473
1461
3523
2829
4162
1556
3309
4543
4557
942
4096
1410
2591
4410
2541
3956
4014
1415
4005
4559
1208
1136
3650
1160
2322
255
2198
4382
1843
2971
2108
2658
412
4344
2878
4601
3367
2682
3784
2224
57
1671
4459
954
466
118
699
2931
4225
4712
1306
4527
3939
1565
3112
4633
80
349
1646
1098
3888
415
826
2984
3808
3433
3886
110
3620
442
4331
3389
1074
4620
1184
4248
4977
257
3829
4084
1557
175
3038
4279
3386
4497
3834
2532
3990
273
3629
4486
3905
1218
1632
3037
54
2354
2264
279
1778
1835
1075
4432
3627
4469
1759
2082
2865
1746
4203
1544
4504
1105
295
906
809
1545
1265
1079
1149
3853
1537
3294
4848
3954
4123
4511
1357
3846
4255
1422
2419
236
3097
4809
4276
302
4952
1948
2877
421
4031
2854
1111
2580
2769
233
4185
85
4405
4142
4591
4894
400
2169
665
4711
1496
214
3438
182
4834
4654
3802
1838
283
1388
903
3034
4852
34
1654
661
3491
3851
4090
3195
2065
3465
2991
863
880
2795
3469
3598
270
2072
4354
4934
2764
936
1992
2714
1985
4448
2235
4991
1776
2405
4587
2231
1395
4956
1463
2150
1349
1025
2106
5
4829
710
4223
1292
4380
982
3028
3158
2449
4468
183
3786
3709
3943
2572
4547
3224
802
3186
2388
4670
3157
1154
4313
4521
2031
1227
949
1987
74
2260
4291
885
4604
4984
1533
1550
536
1660
836
4245
3782
4832
1034
4722
4611
689
1215
719
3144
3686
2571
3276
404
1855
3654
4421
2923
3124
4176
4820
2018
1984
496
3737
4776
4408
141
4697
373
4216
3340
3777
3282
630
1280
1332
2241
3020
3335
2180
2000
1517
3352
1589
866
620
3056
226
1058
4525
2454
977
3104
4995
639
1940
4658
3667
3972
2785
4646
2666
1998
1701
4117
1443
4903
3387
2523
1115
2271
3867
3849
2729
4678
4975
4947
451
3476
1528
1736
4043
4334
798
1145
4376
2286
1183
4861
130
1071
3745
2544
416
208
695
2461
2177
135
2644
3788
534
4508
1747
4224
4822
4321
655
1532
2890
3000
2484
3910
2225
4346
1578
343
3492
1251
2427
931
3444
3163
3347
339
3988
2907
1600
371
152
2965
4806
1956
4095
1014
910
1267
4588
1213
1009
2614
4492
3410
3500
2164
2160
3070
2725
1982
3710
3440
318
2704
4422
4137
1725
3733
4978
3719
346
2840
4649
4463
238
1834
4553
4694
2085
2149
206
3639
1920
4470
76
2792
4794
702
3940
3416
3582
1032
4300
3962
682
3521
3842
2685
3593
4045
3131
3256
1754
544
1905
2943
4931
2487
332
503
1695
2178
4006
1919
754
3280
2909
1281
4758
2879
1961
1933
1521
1770
841
2135
1804
4235
3874
1670
3066
1889
2326
941
1938
646
1037
4727
4366
4693
722
4994
529
2947
8
3192
4076
3067
56
4153
4565
408
4040
1476
3877
1954
3896
1726
4221
840
2121
681
2848
2514
2910
1779
4749
559
3729
1396
222
1188
3323
944
142
2891
2212
2962
2768
2424
1406
3937
2538
1312
2171
3460
724
585
2040
999
1278
2386
2867
623
1569
151
1303
4368
1913
3422
3776
3425
2564
581
2422
4264
4602
4116
1066
787
4220
1238
2983
1469
1539
433
2080
856
1176
2942
526
4488
2494
1017
2473
973
2944
2488
4167
4971
2927
1028
1851
1986
3543
2676
2559
2791
1310
1467
4021
638
4973
2531
1092
3485
167
4795
272
2141
4048
2687
168
193
3477
4532
4449
2153
200
4480
3052
4679
2881
2075
162
4814
3824
1046
4982
1016
3487
4997
757
3498
3964
1088
2759
4753
4714
3902
1739
4367
2276
2968
741
925
4786
2142
4369
1692
2076
3568
453
3658
9
3545
3117
407
666
4872
4267
1424
1401
2633
2042
4112
4292
4720
1969
859
1277
1430
2864
1067
4685
2712
3813
131
846
4590
1520
4803
4792
2908
1106
2165
1571
3885
4399
3594
761
4075
801
2283
3701
4270
671
3904
3797
4752
4013
947
3376
39
3680
3635
2394
28
2590
4389
2029
2642
133
2917
1977
478
115
2926
4371
4165
101
2304
996
1327
4828
1509
1369
1326
2230
2051
319
4672
3429
4969
1836
4569
1485
2478
891
872
3128
3304
2528
1581
1535
2027
398
1495
4298
359
684
2351
2377
3306
4698
4502
2839
1101
64
2567
3887
258
2455
1367
3825
219
1603
784
1674
2093
1738
4875
3973
2247
3889
4039
1022
4445
2611
1769
1203
2872
1225
1083
2756
3121
672
612
4572
4904
298
4885
3173
3385
3987
3576
368
4269
4918
3671
3023
4215
4498
2546
125
3333
2802
3583
1700
2672
4764
2399
205
2648
1372
1351
1637
1916
169
4343
3524
294
3950
1552
2575
1914
794
4069
1038
4019
186
2477
4733
2540
3388
2162
4253
4386
3297
1530
2421
2335
1287
780
4403
4954
2124
1922
3310
438
641
3366
3980
3166
484
621
2937
1342
3815
3558
938
1
475
1042
4594
924
842
2788
4360
3623
306
1925
3579
3961
3080
1246
228
3384
4891
2686
4595
3264
2787
4691
1561
334
2463
3587
3397
4483
3833
3750
1649
1431
2862
616
4067
2826
2429
1937
4688
1118
1252
4352
1758
1783
1336
3441
1157
3475
4901
3439
4160
4799
1807
3326
3900
2155
1887
4747
2102
1541
2775
4732
305
4900
1707
3447
861
531
3324
3747
4370
1946
4802
4933
4009
22
1718
2204
230
2362
3532
1663
1302
650
4011
4811
1294
2223
1190
3258
4500
548
618
687
2433
2501
3857
3125
3792
1858
153
1597
2730
4415
3452
2578
4772
457
1314
4073
1378
4395
2800
4394
1694
4965
4696
1344
2505
1143
2811
3272
570
2835
4061
1383
2281
4239
2668
3451
2831
806
178
3411
4102
816
611
3041
189
1123
1362
1814
262
3270
2146
2055
3552
2619
3474
2900
2705
1064
3695
3967
4869
923
1004
243
1442
4970
522
232
2116
1247
3895
4168
2023
3866
3040
4082
2516
3766
1329
1447
1181
4715
3774
2090
290
4707
904
870
2783
3199
588
1847
1078
1202
2846
3520
1465
244
4454
240
3392
3971
926
1437
4808
278
594
2219
1560
4491
4472
613
4053
4118
1583
831
4130
3599
4665
3027
4796
275
1917
2111
4240
4652
156
1829
3913
4798
1893
4356
1820
4542
3184
3113
2006
1559
4880
1138
4642
3771
1595
2853
4424
2060
2852
2342
2884
2287
1360
4847
3893
957
2393
139
2201
3357
3358
333
1566
47
750
733
2976
4986
3812
2801
468
1534
3268
1717
811
3383
202
1678
3099
2587
1655
3694
391
1003
674
3313
2339
1513
1363
3809
3841
2357
4330
4805
1239
483
3127
3095
4388
2665
2126
1274
747
338
409
4859
1965
663
4616
4514
2776
386
3003
216
2938
472
3689
2358
1348
3602
3373
4717
2375
2655
2790
4465
4140
3674
2321
3644
1427
4640
1151
579
4274
2252
4585
1385
4586
4566
2147
2234
1798
1366
1104
482
1000
3085
4742
192
406
1904
1575
2189
260
317
2710
124
4959
2409
615
4355
73
173
4781
1615
158
401
1625
2195
706
927
1610
2895
1957
4237
282
560
3205
875
3371
3251
3638
1400
4055
2245
1279
1152
3835
218
3246
347
3496
3993
3628
1728
3828
3975
1370
4484
3164
2
3513
4373
4401
120
414
3651
2167
1253
4657
213
2810
4629
3136
2406
626
2784
793
223
4052
2140
3864
2451
3365
2086
1019
116
2821
191
4944
4312
4596
2353
869
2248
1780
2411
808
2344
1638
111
3564
2972
3666
1789
4741
4051
3398
1923
1199
3100
1812
3249
3596
1612
1040
727
677
4057
1439
2305
1358
994
2936
105
387
3611
3826
4625
1285
1972
3406
161
1192
4516
390
3009
1475
247
998
2964
3011
1224
426
4042
3883
3723
1444
4150
4989
1069
2748
1884
4211
4390
803
38
1661
3978
2360
23
1455
4379
1472
2577
4549
423
2850
4910
2897
2103
958
3279
1868
4964
2284
3948
2830
2959
3346
4071
4107
82
968
3876
3618
348
351
2922
2526
773
3204
2576
3569
651
1749
3574
3995
1127
1128
4518
879
1194
3938
3918
3300
1696
2316
4968
3221
2609
3963
1405
2024
2081
3960
2197
988
4193
3712
3118
109
4290
2777
4473
486
1335
2808
2744
277
4238
4156
3292
2311
366
4111
355
3992
1585
2190
617
2049
112
707
1800
3260
4655
3607
2966
1634
4804
2713
378
703
225
2314
1799
250
2337
2089
3087
1712
669
2746
3691
4985
263
725
3035
1742
11
670
145
1622
2184
2650
2641
3518
337
3605
4391
2652
3421
1264
3289
4577
2589
1896
2389
2005
3029
4873
3250
1682
174
159
2703
430
2183
4938
718
1365
4182
2188
3420
4260
252
3533
4797
4782
2423
2315
1477
940
4760
4323
2168
4020
4462
1750
3016
4849
1926
4539
1219
987
1473
299
2570
1511
4431
1132
4743
1244
898
2721
114
1959
2288
3585
3077
2718
1140
382
2457
2918
1008
377
3010
138
2624
1446
1586
2905
2228
4631
1771
2444
1929
1374
2503
3728
658
3503
3707
1981
3989
2738
155
4840
4302
2701
3129
3039
2534
2028
1643
79
867
2159
2143
372
2598
1832
4254
14
3244
1536
3924
2053
2593
3337
1073
4257
3762
1761
675
2196
820
1320
2257
1137
2547
2166
1139
31
2662
2566
549
4046
3549
4955
3093
2885
50
1155
4104
1451
4630
2847
1497
4699
4189
2383
2627
4316
3713
201
2632
4993
3277
3403
2699
3700
4041
3445
4638
342
1797
2475
2732
2507
3720
2327
1958
3081
2586
2511
2709
1178
3970
1291
3196
4949
4361
52
732
2928
4734
2973
3170
1734
1491
2958
2464
3140
1435
91
4127
2696
4097
362
3800
3497
2772
2741
2317
1665
2669
4628
357
772
874
397
693
424
4759
330
2948
2700
601
157
3185
2994
4709
1837
590
1741
2105
1947
1752
3715
1082
3699
2912
2828
181
3120
1107
2417
221
2374
1417
268
4550
1519
4412
3212
1387
1384
4242
4597
4775
3779
4895
403
1744
2656
92
293
2313
3529
1070
4425
3091
4374
3123
2300
2866
495
3278
555
1690
3394
4414
1460
700
463
3495
4777
1841
2331
1620
1229
4913
1035
4460
2412
285
4626
2870
2527
2993
36
2447
888
1607
4960
2520
2205
913
3920
3945
217
3482
1308
1873
2766
4923
1036
3801
3148
2631
2946
922
1689
4844
3019
1237
4249
1299
102
3544
1171
782
163
3005
3655
3338
1691
1879
2989
4927
951
1134
2039
4627
2536
978
3685
4506
2838
2237
2745
714
3859
843
2438
4941
2723
4725
1418
4507
2698
265
3595
1748
3991
4713
3630
3178
2253
177
1275
4050
1983
2827
4925
497
3868
259
1685
1413
3449
2426
2903
4038
4474
907
274
2499
4662
160
1611
88
2236
2246
2563
1125
1175
3404
2467
1324
4750
1993
2047
624
3332
1478
3089
10
2110
603
1425
3234
668
1103
1354
4787
1113
2320
3168
4174
2596
121
2366
3409
764
3725
4948
582
1614
4826
4946
3237
4145
4522
540
3551
2902
2232
2401
3364
502
2275
2702
1051
4178
2293
1423
2911
3353
1343
3648
3135
2996
4106
2820
574
2818
3454
2202
1256
3273
2786
2240
963
2370
1096
1057
778
1796
4015
4179
3556
3222
1144
1762
1503
4124
4926
4066
2969
4322
1002
6
4768
4556
825
170
2855
1815
3726
4529
4865
2815
2925
4070
1257
501
248
1271
3516
1633
4271
4310
2332
1089
2238
3348
887
868
1317
4726
2754
3208
2886
2200
1429
2334
94
3021
2825
1474
3031
959
2548
1821
853
4139
446
2348
48
604
4702
1593
3541
3115
3175
1816
838
930
1973
3647
324
3058
4485
1757
1355
4447
4487
1309
1658
2649
1409
3751
2977
3899
2914
4533
934
3211
458
4784
3245
454
137
25
2671
4744
3742
3621
3698
3443
166
4226
3339
1840
2582
3769
2403
4686
1688
1628
3181
4297
2456
417
1745
1891
4098
2483
4286
291
2504
1819
3255
2452
2345
1677
4983
2054
4210
2428
2550
4584
4501
1039
87
3537
4273
2625
2726
2058
2986
4477
2606
4280
3919
4562
4609
3426
4128
1531
72
2988
68
3860
1501
1174
2045
748
2736
2017
1960
4736
2115
4606
3415
2898
2874
3159
739
2887
1862
1375
3735
2893
4608
3450
4442
2770
835
1592
4149
2181
3540
1500
734
477
4830
2660
2999
897
2728
3738
4769
2009
2690
2653
2213
4962
2740
3390
2651
4266
1508
3349
3319
3252
4416
3958
2553
4159
1328
3004
648
327
3936
2349
4358
4819
956
2127
2402
2277
2889
4325
1683
3448
3111
1346
1043
1507
606
2310
1949
3238
2173
1020
961
1617
4967
4063
3872
3458
2767
2078
3151
4790
1666
2646
1577
964
2010
292
1786
552
4008
441
4110
3193
4437
3785
562
4912
4430
2163
1259
1045
2797
4756
2807
2117
4478
2328
2214
1630
824
3823
331
2974
4517
2091
123
2722
877
3817
530
4538
3298
2170
2270
2762
4236
3757
2629
21
4157
2574
117
1466
4457
3228
4544
2222
3539
4789
1808
2413
716
2025
2318
1791
2720
4836
1839
1574
1609
3765
4287
1397
3759
2554
753
1542
3363
3400
3615
2186
3002
2112
4311
3463
3758
3428
701
3209
599
4817
4876
1361
2543
4932
634
4152
3986
3187
4263
1606
4858
322
3284
2742
3229
1818
1641
1207
4761
640
1484
2960
4464
788
3827
2319
435
3862
4129
3847
844
905
1506
2066
1664
2458
3966
3153
3114
1872
3837
2749
452
3012
3953
3858
3419
3704
4333
600
3865
4172
4614
3179
3854
4663
4336
2038
3341
2657
2161
488
4621
3922
3432
948
2453
4770
207
1206
1408
1576
2309
4158
3262
1204
3206
288
4632
3584
915
383
4409
827
1817
4440
3024
4351
1669
429
3816
792
2761
3006
20
3926
1988
51
2476
1883
2439
3130
823
4778
1995
3453
928
2118
3528
425
2292
1723
2258
771
4645
4184
3499
3342
979
2156
2498
1268
3603
2470
2071
2844
1602
2367
410
4980
1129
3314
2289
59
376
970
3642
986
1687
154
3790
2052
4362
2308
4818
4600
3483
3679
1249
431
2636
535
4988
448
4664
4583
4056
1941
1895
4728
4673
2441
1114
950
2739
860
3063
2695
2341
2493
1755
2030
1135
4972
450
3053
4381
3504
2249
2057
1629
1733
4192
4303
3069
4141
3550
129
3682
4339
4548
1150
1601
2216
3418
1621
1077
1056
3512
1099
99
4974
4774
107
1823
4144
289
1130
4785
3739
717
1433
3901
3488
1165
1233
3798
3643
312
830
2098
2437
676
3653
1167
3484
2034
946
4827
2495
1438
2639
4936
1185
3180
315
3640
2851
3200
4121
822
2758
3017
1050
2583
3299
4866
12
1359
983
752
1450
2046
4100
519
4935
1428
3673
2037
1849
2323
1962
4644
4479
4064
2244
3101
4724
456
3059
3043
4113
1505
4617
1270
1318
3670
4780
1377
2194
4114
4937
4087
4138
3322
184
2622
3320
3822
4545
3982
1975
2555
1684
1907
375
1341
3402
545
3462
862
3215
819
7
1594
3984
2508
1966
1915
799
1950
1189
1086
1313
1235
4920
909
224
4957
4622
2992
586
3665
4537
4345
654
720
2220
2104
381
4482
3155
2296
4434
965
1222
3634
3362
3007
3126
1650
817
402
1648
762
1062
1885
566
470
2035
3446
276
1340
3494
2299
4916
1857
3235
3455
2963
1971
514
4
3139
3480
2975
1168
490
2743
1546
3141
1715
1416
4169
77
1787
4017
4917
1631
1480
4218
2087
4739
1970
24
4681
3064
2608
2664
767
939
3150
2674
1763
1195
1932
2597
3189
3898
1236
3361
2863
304
4823
1924
832
17
1298
3968
4131
4563
42
2978
1570
2708
4170
2157
1499
1888
2243
1055
3933
388
2138
557
3947
1772
2154
2329
4347
4754
3703
2529
2185
4607
4593
2924
2067
4151
1440
2376
1930
335
614
3325
3457
172
4296
2588
3998
459
2533
2680
4250
215
4863
2398
3632
3356
2013
1482
1591
3467
735
2635
469
3331
1276
4505
328
30
1262
4214
543
4906
2044
2022
4942
4247
1590
4855
3233
4079
786
4204
16
680
3274
3030
2217
705
3731
4874
4315
589
4810
1878
1952
4307
3026
481
1870
389
3696
1197
1411
4068
449
4945
2616
297
4093
1863
4704
4453
2747
3501
4032
3657
4854
2913
4272
4037
2256
892
3871
261
3755
1076
4232
3472
2350
81
1716
476
2002
4195
2440
2273
3176
763
2131
2519
2280
3025
499
4951
3836
1675
3914
2560
4198
3068
2773
953
3247
287
3555
2011
845
4897
1255
1942
4230
4022
795
1170
1623
4304
1221
4080
3746
966
1522
1616
3407
2254
2416
1200
3044
493
2215
3108
4173
3844
4692
1198
4647
3156
796
595
1419
4329
2640
1297
523
4320
3045
2692
4871
3288
4592
2372
2088
4456
2940
241
4950
2799
3061
692
521
848
1182
2623
3850
4428
2218
2957
1266
1833
569
2585
4206
2445
4427
635
1159
3711
2780
1604
3981
4582
3722
2301
1072
1524
358
4402
653
2711
509
2489
4163
2626
4841
3220
745
3941
245
1044
146
3493
2817
2813
4177
2755
1911
2482
3659
578
3372
3502
4911
419
1379
411
2954
3697
3831
4010
3734
1364
3143
1220
4737
3049
4703
992
3312
479
4375
2471
4723
4765
1322
1792
3379
584
1563
2515
1241
1133
4762
2325
709
396
4338
781
1968
3434
3677
3430
3510
2172
2707
4115
4243
4261
3514
1234
1464
1790
180
4001
933
1095
4180
1512
3395
1352
742
2804
4651
1059
3517
3160
4987
1489
3375
644
3668
4194
1398
4710
2491
4012
3094
2408
4018
4085
1393
4531
4000
1713
3959
4835
4914
4372
1854
1735
3741
1052
4413
3490
4227
511
3907
900
1426
1906
2823
1936
4574
3743
637
3662
3732
704
379
4648
2229
3891
3329
2537
4029
3183
3154
1110
2647
4731
2227
625
3881
2144
3929
2951
2592
2778
1756
3848
815
3554
1230
4062
3781
3086
1901
577
3791
4801
3401
3253
3636
3072
1180
1054
3839
839
2568
445
1459
1827
1656
2842
3169
4420
1781
2857
1598
4667
95
3562
3321
4701
896
4745
694
2008
2404
4016
3032
858
3190
4262
3436
4196
4489
4898
3149
4846
1824
758
2727
4669
889
2781
1974
196
3570
4862
3110
3818
2364
3293
4838
4748
4435
3285
3652
3693
607
2861
4676
2949
3057
360
3381
865
2552
828
962
508
882
4581
2565
3614
3076
4099
75
2753
405
3880
1315
1881
4154
2610
3013
2525
413
1967
2274
4122
2630
4552
4842
3873
1305
4578
2901
4327
4004
3724
1187
1196
647
3413
3608
1955
3675
2255
2899
1642
2562
3622
3631
3546
1980
3572
3681
2694
185
1562
4309
1483
1794
2955
1846
2995
1608
3925
628
1871
1698
108
683
4443
971
4208
2841
2113
480
2561
4791
643
3637
1486
1801
1018
4528
3789
3560
1775
384
3152
3928
1163
2303
652
1457
1699
3773
2307
596
3690
4639
1307
4446
1261
1021
1290
3601
597
3327
4568
3217
4998
3573
4496
829
3633
833
2420
4231
3744
190
814
1766
4755
2805
2970
2717
2605
1880
4636
1659
4200
4385
2019
3917
2915
58
989
4319
2083
3767
3138
2681
3999
2442
2306
460
1254
3977
4077
2981
3142
4441
740
1193
1316
1468
1191
3645
2950
3838
2096
3232
1124
4800
2956
2479
1015
1108
132
2158
736
3308
4677
2638
1976
3507
914
1169
3417
1894
4285
2174
2731
3531
4623
4610
504
3575
1010
4219
2446
4833
1007
4729
4438
642
550
4807
3688
1850
2920
4746
812
143
1529
2509
4423
2634
4065
2621
3103
2663
1216
231
2670
246
1228
2282
4059
4034
1861
2384
1012
3468
2833
1523
4213
4433
572
3369
1141
2387
3534
2136
4417
955
1777
797
3795
960
1214
3001
4233
2798
3022
917
2472
2594
3351
538
937
2930
4815
622
854
61
1751
71
1380
850
4730
605
895
2916
3843
893
3082
394
805
884
4867
2734
2789
1211
3290
3616
4246
210
3783
443
473
575
911
2094
4450
3590
2100
1813
195
1338
2486
4635
1928
2369
1853
3344
1963
1226
4575
2041
3591
4365
2450
1414
2182
2007
1490
93
564
1721
1567
4837
3106
35
4613
4136
1681
1090
3427
3350
3664
2004
2425
2932
2492
1060
237
857
4252
4981
4398
1667
3656
4397
4349
1516
4134
2128
3197
556
852
3944
4953
4281
751
3793
4083
4186
678
1301
4996
2763
150
2242
3714
3380
2880
3261
2063
3508
3075
894
4684
1555
1452
4455
4191
4348
592
4305
2812
2175
2480
3519
2152
1860
1931
985
2356
3008
1898
1705
3894
507
2757
2558
2382
96
2771
3903
876
4573
1788
19
4824
234
1990
1158
524
3890
4570
4589
341
4103
4706
2539
18
1258
3481
3911
2985
886
813
4695
593
2888
533
2226
3165
1470
3105
3760
3033
779
2191
280
1626
4536
2268
3764
4007
1540
1389
3198
3177
1479
2448
128
4683
2573
1462
1944
627
4888
3248
4133
3706
975
4023
3530
3955
1510
1296
4027
1764
1493
367
2134
2752
506
4564
2882
1554
3559
63
3408
32
1047
336
2967
1212
428
3
2856
4922
2750
1142
3368
2346
1679
3213
505
2535
2336
1456
27
1399
2765
3908
1502
1094
3098
3271
4979
1874
4864
2074
902
4708
2324
2599
2953
4181
3692
2285
3946
1934
3542
1784
1205
420
2735
2265
3863
679
4047
864
4301
2036
4049
361
2667
2693
2302
4058
1353
2187
1323
3073
2380
2145
4599
1065
2832
3780
1673
1856
532
4314
1991
2557
4125
3269
2654
563
4671
4377
2894
44
3210
437
1587
2502
2939
309
3316
2834
3257
632
849
1102
4992
3753
4700
3171
4109
3074
1518
2521
1672
13
2151
165
3459
444
4534
4571
553
558
1584
4793
1394
1553
2615
3592
2462
127
212
2485
1350
1722
4907
3318
4666
3609
3856
4147
3923
1994
3604
4357
1875
2782
2294
4132
4326
4624
69
3461
810
4332
1803
1013
2979
3678
1392
667
2871
2206
608
4241
2261
619
461
1547
1668
4494
1729
4551
851
86
4094
997
4429
3227
4738
1720
4229
2436
2506
1272
3360
1300
4705
2378
3870
3431
62
4757
4499
1030
537
1245
2430
3845
4393
3328
2139
609
98
3979
1903
2809
4146
3916
144
4324
2120
2290
1964
1260
2298
1899
3396
1548
791
3305
4359
2518
4265
209
4054
4086
188
2645
1337
1773
2099
2385
464
395
3756
1434
974
310
3018
340
3254
67
2998
2179
4458
901
2919
3565
3649
1033
1662
4197
760
1288
4612
3088
4282
3525
3687
2137
4175
883
598
1087
4860
350
399
4899
4561
2193
4289
4436
498
3374
43
4940
2677
1148
300
2751
660
4928
737
2945
2032
3721
3291
2556
3619
197
3727
1844
2530
1304
4088
571
4961
2016
242
881
1331
4467
465
3527
370
1091
2210
3161
2806
1339
4660
60
1269
2497
3561
4687
3283
4328
4444
314
4659
392
1445
3511
325
3336
2397
2814
1005
2365
3236
374
2724
3892
2892
3399
4718
3296
2396
547
3526
2604
2858
2584
1382
37
164
3927
3071
3226
3147
4387
4268
1024
525
3716
1026
1719
4902
2114
542
2602
2715
2659
4580
2101
4341
3405
3201
3974
3231
4721
744
731
2297
1161
561
2239
3107
1882
715
199
935
4258
981
436
281
4567
921
4740
2760
952
4201
1023
1635
729
211
1605
2468
2980
1978
2432
1100
447
1121
1647
1859
269
2796
2333
3207
4579
264
492
3062
4207
4515
1085
4493
1345
4905
2581
2836
3275
3132
3315
3263
1640
122
4513
4958
1653
4976
3330
301
2460
3216
2209
1809
3909
3821
1391
785
1902
899
1084
527
2849
2822
3884
3852
688
1806
2414
3754
2221
3672
4495
3109
929
1172
286
4771
2391
920
227
2549
3242
4217
2371
4509
1527
2691
2266
3811
1061
485
4028
3855
271
2368
66
4275
4188
656
3239
697
487
1912
3906
1890
2208
2551
2390
775
1727
4690
3547
2607
2068
3486
2095
1376
2343
520
4999
1953
4105
984
2793
3102
4812
2020
871
2545
307
84
4202
698
4930
1951
4426
659
3167
440
3202
4653
3134
1702
1166
1793
4674
3334
4283
4512
46
4598
567
106
2338
2869
1293
364
45
3243
1381
194
254
393
2661
1068
2921
1877
3266
2689
3174
878
4002
1514
4060
1657
768
3879
3301
2056
3581
2079
4419
1867
2021
3921
1242
4033
1286
3060
1918
766
3535
3563
4074
1458
1892
266
2192
1538
1250
2267
1217
1711
3281
1027
3078
3951
3092
1081
3807
1147
4908
4406
976
1732
313
726
1842
4555
3952
1704
4353
3036
1886
3343
1599
1876
4256
4853
4882
4126
3830
4773
834
517
1097
1996
4295
2876
2469
2816
3770
993
3536
4887
104
2952
369
4407
3423
3046
3566
2381
1273
1153
3317
4682
1284
2513
1921
3557
1845
3553
1402
1492
251
587
4337
90
2069
3265
1900
29
1639
2542
583
326
774
4909
4078
3597
171
353
321
489
2400
510
1706
3391
1869
3996
1330
2618
4461
765
4857
15
636
3133
4026
2481
1549
2119
4963
239
2684
4161
3718
1048
3588
685
2207
756
2868
3740
1295
1006
3424
126
2679
713
3122
2845
1710
3930
3345
2259
3778
573
2875
4148
837
2250
2697
4619
918
629
2643
1210
1031
2211
2379
4719
467
4966
3646
972
1112
3997
1795
3748
1504
2061
4383
610
631
3983
3014
3230
2050
1852
912
4890
4466
4072
4825
602
100
1767
4025
3840
3146
2987
728
439
119
4003
4915
3985
4850
3479
3218
4856
807
2716
1454
3162
3090
969
541
712
4318
3478
1997
1263
1831
1613
1116
2176
1703
3412
3803
4024
3661
4091
4845
3307
2133
1709
4680
3047
2779
1805
3949
1627
55
1588
2601
113
3466
3437
4783
3456
1644
229
2347
3787
1693
551
908
4081
2410
1448
4879
4816
1619
4475
4546
980
2628
991
500
179
434
3617
3708
1494
2524
4843
1404
4877
2990
204
790
1356
1989
1122
1676
2330
2263
4870
3578
2109
3600
1347
1146
3302
65
4883
2837
3442
4766
690
70
1386
2435
2733
528
2199
943
686
890
3932
4656
2431
3942
3042
4340
2148
1515
4788
738
1645
2997
4643
2934
3084
4921
2522
804
4035
1564
4342
3934
818
352
1765
2675
4767
4404
2824
1232
2774
4526
4716
4520
2012
3505
2613
1412
41
198
565
3794
2373
4187
4439
3370
4839
1864
3626
1498
3241
769
1011
2352
3965
2014
4541
4943
1865
649
1487
4278
1421
2595
2688
3624
4171
4036
1897
176
1768
4451
89
1390
2278
2873
1558
4851
1368
365
3676
3641
3915
3225
1373
4135
776
4155
1551
1708
1582
633
3882
2097
3359
3259
3976
3145
1697
2683
83
4689
4990
49
2819
2579
103
2107
2084
3355
3580
4212
3050
3182
3287
4524
53
4886
657
3055
2803
516
2415
1830
1826
1782
783
2434
3048
2673
2077
749
855
308
4452
1979
2363
3377
2843
1179
3669
1731
4868
4108
4919
723
1573
2418
580
33
3660
3240
1162
3935
4364
2295
2203
1488
4120
4675
427
2620
1909
4896
3172
4884
